,mean_raw,std_raw,mean_norm,std_norm,mean_first_diff_raw,mean_second_diff_raw,mean_first_diff_norm,mean_second_diff_norm,theta_mean_raw,theta_std_raw,theta_mean_norm,theta_std_norm,theta_mean_first_diff_raw,theta_mean_second_diff_raw,theta_mean_first_diff_norm,theta_mean_second_diff_norm,alpha_mean_raw,alpha_std_raw,alpha_mean_norm,alpha_std_norm,alpha_mean_first_diff_raw,alpha_mean_second_diff_raw,alpha_mean_first_diff_norm,alpha_mean_second_diff_norm,beta_mean_raw,beta_std_raw,beta_mean_norm,beta_std_norm,beta_mean_first_diff_raw,beta_mean_second_diff_raw,beta_mean_first_diff_norm,beta_mean_second_diff_norm,theta_PSD,alpha_PSD,beta_PSD,activity,mobility,complexity,alpha_energy,beta_energy,gamma_energy,alpha_ree,beta_ree,gamma_ree
0,1.3184192700780475,-0.04039634483280772,0.1193509053180602,-0.5352128105764997,-0.7348355692225567,-0.8168957210933404,-0.6338108901054084,-0.6983154670890012,-1.1723277994439636,0.0957728052196338,0.46886846910094826,-0.18062263284784094,-0.3848424934761512,-0.3807920429455449,-0.7582382616957227,-0.7539518164409581,0.14637167816027344,-0.5601338903422927,-0.8270250071908712,-1.0405983590920622,-0.8031491782028704,-0.7970648098783587,-0.9461654797990071,-0.9458496880038193,-0.044318105650918344,-1.0854650305337572,0.08991523022247214,0.32302054487781945,-0.8964968577812076,-0.9691465155657442,0.34023817605511625,0.3263968812516846,0.05096657075776627,-0.585309529239651,-1.0186917401031184,-0.0693259732640546,-0.4430913202672779,0.5488783821515268,-0.2913759942647895,-0.9763305509037328,-0.5683050804577923,0.179891095620223,-0.2137603704440356,-0.12203842882043917
1,0.04894603586886992,1.0967810309140633,-1.3661698645020632,-0.6103018794956123,0.8851729155535613,0.9241877386142733,-0.9935878811499139,-1.0465061343665034,-1.618108005043694,1.0639769073864815,-0.36727062870708677,-0.08859627197426637,0.7014800789376924,0.7033714814899569,-0.6094336246665742,-0.6056143326683727,-1.2278356380552176,1.1141419438352915,0.2768032884291728,-1.9240399551203968,0.6269426446287251,0.6257285185359502,-2.0420508001533877,-2.0431622646343253,-0.8399203807699386,0.2523920370627506,0.7817953743541471,-2.9437500295599914,0.5384393727097545,0.4383269470333,-2.6939103873413264,-2.7715844753080656,1.0069368392253808,1.1071858750940475,0.26971608907192307,-0.7550862627305283,-0.8555568874706079,0.9962041195840904,1.032404490845855,0.659877334924583,0.4027871335854195,0.8613484323416011,-0.9461902065742307,-0.6838597394111549
2,-0.9178700677273669,-0.02078781533841033,0.14057754198047973,-1.1795272492628903,-1.7059468304491834,-1.4687230174063275,-1.2467701495934929,-1.2803853314632732,0.7741141314103229,0.15906143828626854,1.5189465625530283,-0.7420595385373748,-0.3101134929084871,-0.3062757253129566,-1.1864286835061952,-1.1823359690859276,0.48421009948970256,-0.4152178207276256,-1.2290812446200874,-0.8018169380858493,-0.6056219439195409,-0.5989181581109169,-0.7506673571477471,-0.7488762492619713,-0.4278314447030154,-2.2627015650615583,-0.3995627583556218,0.2533544241882829,-2.2521320007757435,-2.261611109169029,0.01961216759467546,0.1013882352093698,0.06804785371636794,-0.7920412836123812,-2.514946203177108,-0.3453842243303703,-0.741293551814798,0.6533782022490515,-0.15414630727620368,-2.1719789037177355,-1.498687454540973,0.9410674661670038,-0.9358607839303587,-0.8731448695120045
3,-0.5288148080080114,-1.4212828747475623,-1.7412617786419042,-0.741141533721501,-1.2512568181019423,-1.4566770202000017,0.4624896016463882,0.42139100889700987,0.8029516965563687,-1.4243147466396127,0.08981054953747587,-1.3892582746227482,-1.216342744078757,-1.2179279000166476,-0.6982276245343111,-0.7033511583674741,0.6375077644156666,-0.8280343543531872,1.5086155855886536,0.5581184302656637,-0.752443864397536,-0.7570027894066258,0.7387207487246552,0.732580129790995,1.2857856167993786,-0.6148270100044401,-1.3922842952171068,-0.010980538686578294,-0.6891547926709032,-0.6615293432534467,-0.11349412323519387,-0.07445317831220363,-1.6312223170329343,-0.7997513809867998,-0.6202402233356469,-0.7398223783903686,1.3560270880508858,-1.4647868015972985,-0.9049205342435548,-0.5954221338158844,-0.9141927588147942,-0.7032415442539992,1.0849103219209557,0.15628973579400307
4,-0.20343097273808336,1.5392161878559671,-0.7403782470423121,1.3345630744667718,0.23000586594681835,0.8081539573248738,-0.430946032086854,-0.28444425808212787,1.186251300678114,1.5373408257980115,-2.2190483762943485,1.6951041216163558,1.7294326990649889,1.7280993127915154,1.3499792126942183,1.352332740267868,0.6303325078205733,0.6934809158584108,1.8776624294101016,0.04497030642240027,0.620570743534218,0.6236983326966801,-0.24076936625341036,-0.2360906681774706,1.3408343770396902,-0.11242249888656317,-0.4351798606097324,-0.47869004640254365,-0.513894625261412,-0.3932550883298945,-0.712571674011389,-0.6333194499575534,1.449972596008319,0.9902352467473743,-0.2578858029567141,3.6932457449731375,-1.2520541010993504,1.1041415146398115,0.8990412279259445,-0.03980700761437721,-0.6086298605125123,1.1252631168249143,-1.00424342566278,-1.19177958773941
5,0.22839832695070905,0.7932806015161507,-0.08272273034210614,1.9201929581866823,0.8981299975163677,1.2897860195094186,0.5791139364820609,0.7843164697929936,0.5166580503815473,0.6079726921644717,-0.4382672403461594,0.8280443112180097,1.5724058747974003,1.563226861856876,1.5884498172981956,1.5818733471683417,0.7052419032314309,2.602673975531811,-1.0371066704536667,0.7687449698066918,3.5747314109003767,3.5671451544742903,0.5595519640027831,0.5683062794830974,0.6447639417587547,1.4062926686181527,-0.07217153542296045,-0.869591806620021,0.821872780955792,0.9138100886931309,-1.0443919220709348,-1.0308825228580192,0.8224561402186162,2.7262183048959554,1.1297100858389078,-0.2709546168812109,-0.48307973235093893,0.13185126671142133,1.6692813992773283,1.8595194017245436,0.3174063471445239,1.0904081392527516,-0.9333208491196654,-1.2061055516914254
6,0.4716459135982518,1.1699840540122657,-0.3423316872138821,1.7447495567781968,1.116991296743117,1.4677858581098584,0.255419306488017,0.41018552284922283,0.12875432817784802,1.1443093468771828,-0.166193702267791,1.464152653988865,1.7114543899479253,1.7104340256758617,1.6129503171252157,1.6155507332906474,-0.023969608428860048,1.0320017542997422,0.43584390625935765,-0.8358948564969909,1.2031776456407706,1.2090382009325529,-0.8729627343145705,-0.8666833293018251,0.7261402289437529,0.6099616520056426,1.0844784169369732,-0.1253310144058115,0.7340938809016037,0.7473187803019111,0.0068753622089646835,-0.010537120979939491,1.0975829850725698,1.1747052622627658,0.5720591801387257,0.2844690601917885,-0.8960069900616742,1.014360746793872,0.5943302375710211,0.18766453806846067,0.5439156558486707,0.5691735537364797,-0.7968346539821682,-0.23105248212664897
7,-1.2119907376852537,-0.8108274052800872,0.37573140177888803,-1.3505101376508688,-0.48549913807626094,-0.7045094221792568,-0.45964347057876587,-0.5506892594212472,1.281224374087537,-0.8174762632840729,0.49401015688650546,-1.3653324065546,-0.8586537103618105,-0.859295584548912,-1.1989550014657806,-1.2003780646921867,-0.6912849223350099,-0.41959572183620164,0.9536848619492425,-1.8790397299886379,-0.618283865979781,-0.6143264143752509,-1.6412256147963542,-1.6426229937834178,-1.181461972451845,0.2606044404695548,-0.824578761179816,-1.72816792858747,0.07638950878267955,0.0754294906843106,-1.739168537404375,-1.757406366482731,-0.49291913660904596,-0.44130694885586896,0.180577762422715,-0.1798074218214005,0.6984072811012022,-0.7960934279237352,-0.368871478367087,0.048644421688537165,0.068290732041015,-0.32418463262068503,0.3301094306200346,0.29085304208398927
8,0.8442484330985044,-1.12551634327981,0.848254998646227,0.0071655677289412046,-0.45322862775977535,-0.670197270036999,0.9375915446375356,0.9326825766805966,0.942624096369137,-1.1643555822106681,1.565893553047727,-0.6961164802479051,-1.037024426142626,-1.035149169103638,-0.2272495198292607,-0.22737793213473376,0.8322918478700161,-0.7117087587802442,0.8509676522247142,-0.8266536152399274,-0.7757865950770267,-0.7748704831196281,-0.6052484933606391,-0.6079123299675417,1.5388118918362432,0.0736451417562028,1.3501647974052877,0.7124881519418966,0.3069912915960297,0.20640215171662185,0.8529981928279718,0.7823088109261577,-1.3015578820517435,-0.5792076137355562,0.22523265852770236,-0.05774480387580643,1.1375476568231078,-1.155414605475354,-1.0164564393721536,0.2095314838984326,0.09348704155248974,-1.319325007353269,1.4539069541869214,1.0415074597710807
9,-2.4165269737340243,1.3059762852578596,-0.15434675494880792,1.002886713801374,-0.45632523215519477,0.2269103603263063,-0.62916089838833,-0.47344958983189855,-0.01930929800786369,1.3593941323068108,-0.7062907188361459,1.8741173383490615,1.5776247090092332,1.58296698532406,1.5661524715735478,1.575411504837813,-0.7499269782923274,0.8846140300686506,1.7330337014733834,0.6979826800324184,0.9021568969522293,0.911041275518654,0.29756257256194657,0.30826434930482244,0.07912410094012175,-0.8479530332827,-0.18496156654966842,1.1728814460637917,-0.9521443089026773,-0.949434618687513,0.9660731540895799,1.0123159797321408,1.1221664925254644,0.5720214980024175,-1.0460376180451005,0.3936785183874545,-1.3121904798979154,1.130440772228806,0.40010328082549396,-0.9599730574900086,-1.4011279236969931,1.1218879682566352,-0.8588378614367517,-1.3714576030464407
10,0.713944056901276,-0.5799084225640188,1.0614560445691952,-0.48351802195341287,1.2918009442598641,0.8102640526774819,0.46215609511124145,0.36141822474582286,-0.8749819294701296,-0.6883680266022817,0.3188179587092023,-0.8492733887803847,-0.6568084428096946,-0.6591253424071671,-0.6712724852463037,-0.6747039574704751,0.49772103987422467,-0.409006865815229,-1.0974606373002496,0.7793308793111223,-0.19332705365674083,-0.1935119755909483,0.8886085893780574,0.8895031685604132,-0.266156885464197,1.2330263589846178,-0.5397338636868848,0.2032620246917648,1.1443357932912344,1.2024585641634178,0.24664342671897568,0.2439094472368542,-0.5482272259155695,-0.36118623763270324,1.2616419341076022,0.6614022040362862,0.9008175938007491,-0.8881558981906688,-0.6796826621666536,1.1111930118616522,1.9842433122819212,-1.3488340733337474,0.8610719495657688,1.8695999981161309
11,0.6955458782453479,-1.202071398162486,-0.09221741540503302,-1.7011441266985592,-0.5744856779357587,-0.7491490965098802,-0.35941439356129584,-0.43161056184090324,-0.11797393209987742,-1.2568337585332945,0.05472106359119178,-1.8621030750060854,-1.1970416264008297,-1.1988373572848203,-1.4460202142765919,-1.4494931747313593,-0.8594192844224062,-0.48710220616521005,1.8006163836302334,0.0778149538670632,-0.3431723695101649,-0.3513856263848094,0.2517419463237285,0.2449143151035218,-0.8746396413653926,0.5799318824663642,-0.3439061353269952,1.3245317707208892,0.4126666603906672,0.47948737152927756,1.21668847469462,1.2543096883549327,-1.6093114953939929,-0.5823342839053526,0.6138264758486398,-0.5570434205139173,1.304115125081705,-1.4185747027132283,-0.9915368731218307,0.22625461714633877,-0.35124403393992665,-1.1847124648923617,1.5620328171866062,0.6051779076946352
12,0.0513717315546142,-0.9228213048880145,0.9268305596596483,-0.247697871469449,1.0027240416507945,0.4648646926252637,0.9785470444932806,0.8742884375616251,0.2775056199055292,-1.006666751959443,1.2434295584597426,-0.44524775299679503,-1.1016110701588007,-1.1033899822248245,-0.36950168469859496,-0.37502275985262795,-0.6554864182784974,-0.7502585283932044,1.2360633055215329,-0.4578237927099861,-0.8361587842231849,-0.8379028406996065,-0.29561991013883643,-0.30028775786324197,0.16421713366353022,1.0924504264408235,-1.4038547291367993,0.8337579290347017,1.3302168860824355,1.2855919363312913,1.056260579366394,0.9899808858391805,-0.9128580701372503,-0.6408718664533276,1.2614543064011847,2.2247631578984146,1.3239318398317756,-1.2243627204988239,-0.8903693473929285,0.7728412598025022,1.7199462978198754,-1.5509463244209405,1.070131358275885,2.0467448442234075
13,0.2615613258714843,-1.497610467353041,-0.43993301481389013,1.9260878860357962,0.6128488161174863,-0.030087106219301645,3.8350027424679656,3.766099366413899,0.0981609555174681,-1.7334223670922564,1.2641030772263724,0.9051150509456307,-1.3661713764202075,-1.3668609694837939,2.5937807039844163,2.5815718444876596,-0.009310442664932502,-1.0920203464363951,-0.36449096679705406,1.320314011046453,-1.1494886349222186,-1.1481684712191493,1.391809376156378,1.3889627957461061,1.3646858179188623,1.2208740588998468,0.7223053132365468,-0.6753541427545372,1.213439509581723,1.2579977494918984,-0.5601333249212913,-0.5783337627563,-2.0616768616686527,-1.0594973677606314,1.21970734233637,-0.6529878363663493,2.3743589280863833,-2.2313100635553553,-1.073947040875501,0.862630774198664,1.5112360267166733,-1.828741883569759,1.481646795727036,2.1304218885639865
14,-0.7047784735765161,0.28074750697437134,0.22268234875823698,0.3388752965244441,0.3411555473619972,0.3857818844010918,-0.07198615348196394,-0.04727662082435088,0.9456685863223493,0.325242680481033,0.5492986690123296,1.0778822725891126,0.19660616625928623,0.197331320940338,0.6471486639501701,0.648684114805004,0.06381239333476202,-0.01995197199813192,0.6553122694579754,-0.16169340579569624,-0.16135520576643464,-0.1626922961858713,-0.2914155879489718,-0.29265883002681703,-0.06272604878234919,0.36887625487850206,0.2435913454726631,1.3239375935954047,0.3462160020814669,0.356286176570328,1.2968424454591845,1.2997394210762705,0.38823067419761487,-0.2153696844770457,0.427511751215991,-0.6855507896253565,-0.4030996936667454,0.4775725241063195,0.14372672504964448,0.24280058630640905,0.19395973491872426,0.1951193514718349,-0.23822234420090907,-0.124175838257352
15,0.0719661519835103,-0.8975078047806874,0.7418813749545536,-1.1056208524967113,-0.34297399171109677,-0.5515682904425612,-0.1554025870765609,-0.22291784020773422,-0.549620857717088,-0.9564251775739206,1.1918541179238094,-1.390747799188103,-1.0063164091651144,-1.0083183908944044,-1.1993713081206598,-1.2028156546053843,1.0492799556374863,-0.3814675617803228,0.29513220633828074,-0.25358469399044636,-0.5500286538701907,-0.5516261228453778,-0.292666112586771,-0.29582594281912816,-0.35165375468494264,0.18397197793124737,-0.6368310345177878,-1.1716124814280118,-0.06745091193211943,-0.04429081754708126,-1.2516666047666523,-1.2491703848022175,-0.7972665740317852,-0.2584443724833645,0.10588095260807735,-0.729888739375344,0.865038374123073,-1.0105224911169965,-0.3139168710960543,0.2140049345671722,-0.16130611923375848,-0.24291314847382836,0.39971706541052854,0.021852765789144562
16,0.53397866672009,0.09468037927841323,1.0863295030546143,1.5007573046424378,2.63766265146881,2.1787513528551807,1.597939326315572,1.583959609532685,0.11152219069850285,-0.042273689646571674,0.7736586467367906,0.9024674130490168,0.31116687466453974,0.3117529449685837,1.197192432537806,1.1986385830984223,-0.8880409110241743,0.39211083604185715,-0.8822204240058679,1.165628403736683,0.776491701730572,0.7780519935926462,1.077792336948357,1.0847684147922803,-0.006628391912604142,2.6795979706233175,-0.05130769052558398,1.2724747101463845,3.0983120170576246,2.9672266309230992,1.716391910050041,1.5489764710259388,0.04572627734508783,0.5652406123299063,2.480510724606774,-0.38027310282216376,0.4666627382705643,-0.2267830505577266,-0.2969248471838431,2.848028443556105,3.1194761503871424,-1.334021532264653,0.9044795077844543,1.7810358941964466
17,-0.411682739943625,-0.115399134660995,-0.5415019590001788,-0.391143584259301,-1.2801704832507026,-1.2285106217736192,-0.6430286848901722,-0.672071574017421,0.8547953967304606,0.08469754595340766,0.570530532611055,0.11675694522513604,-0.1897246511192295,-0.18441381397803103,-0.29992084202397207,-0.2938355606073588,0.5679974727781519,-0.8754124288547713,-1.6825963632592094,0.31052259122851567,-1.0182924820201198,-1.01116093882406,0.35378232984545216,0.35604353920350595,1.4856437076378592,-2.0010624616386723,-0.23881369022188859,0.8930680660466023,-1.8151169546507007,-1.8233078817921622,0.791248140623179,0.8658459319924721,0.05225563709811631,-1.119016909397089,-2.0015708851243432,-0.6461917735768021,-0.6602920741590346,0.8112887880773743,-0.5578384649235326,-1.7754898090893938,-1.2729389034825365,0.2508971278265836,-0.16699369314100804,-0.33898109402924986
18,-0.8103483211421993,-1.3110847362481295,-1.0491439041780322,-0.40895858380083216,-1.8954762295870393,-1.9026928321216885,0.32787879035115325,0.350940430461964,1.1034540355119602,-1.258643685121381,-0.058362208135026,-0.28363850660835577,-1.140482692848765,-1.141224368998573,0.22672772291309876,0.22132933831210225,-3.080736516182417,-0.8101012514513397,0.047547548109513095,-0.15266711203948774,-0.9293368387310275,-0.9364305345596455,-0.042695618667138634,-0.05200553867899559,0.5022206563145216,-1.5598140269579048,1.8503961832748097,-0.7273121481934243,-1.5560053179473765,-1.594185483123042,-0.8353870439031005,-0.813742311290687,-1.2468698746675273,-0.8451086706985934,-1.421970069422498,-0.39713606075986396,0.9108270306431945,-1.113825249253184,-0.8893086445398161,-1.3147085221548183,-1.339646628737869,-0.3636819658306273,0.7234426170222628,-0.12814938692389224
19,-0.11167657144204607,-0.8263972897935336,-0.7037149799006852,-0.6777329980191145,-0.7387244766454352,-0.9733517412173353,-0.03940629549350536,-0.1135524920500718,0.8751912889780947,-0.7194079538343118,-0.5574067561761907,-0.5676514974388656,-0.8897705812152906,-0.8920843822182367,-0.6496885302434033,-0.6541901243684917,-0.3042202591093436,-0.8030432760954352,1.4595728591477588,0.6380765635987924,-0.8755081472348395,-0.8664841729259124,0.6675559504938009,0.6727216914493472,-0.11764263574649513,-0.8256225952726974,0.9111676215528808,1.1804570628209377,-0.6575619322036268,-0.743108670316106,1.17917949378265,1.1524558024455949,-0.5698625109312895,-0.7789915720415904,-0.7879777660361253,-0.5314582429532688,0.45963069714706617,-0.4485788324403429,-0.7314106749389977,-0.7237179829326414,-0.4226661181079375,-0.5199491838662961,0.5534210977333929,0.43564249717288045
20,-0.9078815457279907,2.176452376974619,-0.8115375320931696,-2.5579228843526853,1.2382448599651912,1.4105931823607953,-2.277305141692913,-2.4222901909692487,-2.623063373310192,1.863541163561853,-0.9171379303352981,-1.6920856840084222,1.326674322967151,1.3213604604781806,-1.9787453724551014,-1.9778517856054618,0.5892210353171666,3.406046994780124,0.21200205868993555,-3.027224003790589,2.500287950218108,2.5065085653544883,-3.1133721310377975,-3.1118603595575793,-0.7513248335534574,0.6128391634163144,-0.5663628719035493,-1.6571308643095557,0.31139974837490236,0.3047033977748594,-1.7047729551565483,-1.7318437923500132,1.1742515976351071,2.7198472928595123,0.5932076299347597,-0.7320692942810811,-1.200763702825925,0.8885500676345035,3.5189903116028143,0.7976604126308203,0.8463455253386786,2.1585001992232,-2.455811599558751,-1.604714952773819
21,-1.30729690492935,-0.79039221514368,-1.2157258789605419,-1.1994121021291742,-0.5437357688143036,-0.6560215615053155,-0.3869966052037664,-0.44144252287081903,0.2121537876829409,-0.7604095930944681,-1.3573573062346647,-1.0574117231562192,-0.9380553681279794,-0.9366340197202223,-1.0804397399678958,-1.0800367202064411,-0.2776466767776547,-0.6141826229771317,0.8869833579902642,-0.17582592828179125,-0.4593902946047218,-0.4678424713775917,0.08362335834328002,0.07596018368843642,-0.5568167968107438,0.1503737150794691,0.9921231044396479,0.5888396346594683,-0.04497736132799388,0.0475859861369631,0.45243356607945817,0.5151867801943798,-0.4971711712379806,-0.461465848369746,0.07365849926228862,-0.21106204213696547,0.5790913537947089,-0.6610394759581769,-0.692142981686237,-0.28820378194471213,-0.30775039308636104,-0.599541388636288,0.7202996483133386,0.3965904768858121
22,1.1144247149111386,0.2090797414775392,-1.7222550983503346,-0.6378769427504045,1.259213046785578,0.9593699763329454,-0.37372917521683235,-0.46392910947435784,0.04983528008011005,0.22074154749148658,0.35316820752802647,-0.34524095089603196,0.19894554419265306,0.19971257402927015,-0.4512179294923557,-0.4492068301858706,-0.3366890155540042,-0.2593117046500838,-0.8206373730988583,-0.6666720390471729,-0.5366375169940314,-0.52950533168435,-0.7352419191909986,-0.7328891863386949,-0.8606229311962708,1.0960844605034066,0.7744495112261631,0.8699859122912507,1.2947622197743547,1.2894217312952239,1.0669077823744653,1.026067105404365,0.4984592478104708,-0.11981479395280464,1.189097352384484,-0.7431174391368158,-0.11479117465214415,0.30400155597927664,-0.4110640539392603,0.8465069330555643,1.4087202247338115,-0.8275281153473933,0.4935881299892709,1.1916709152382705
23,2.285488744614173,0.5019245271459267,0.08481596964510592,-0.13622230666730867,0.36425420104322265,0.4575606316104763,-0.5027099221554475,-0.5009513039372968,-3.438240949997805,0.508211500564802,-1.3552564891197854,0.2787696924459241,0.17239287643352572,0.17169443246160007,-0.26473930757534525,-0.2643330526146443,1.276834986100384,0.07377814901610376,-1.6478029545250845,-0.0050347056826152165,0.23825577787043095,0.2241084589242618,0.0236681616780401,0.015589501743882338,-0.5359491952529819,-0.11899339594077442,-1.0172600523472233,0.5045690558247131,0.09165745546978363,0.06420624327135366,0.6181674137508696,0.6008517629689357,0.48725696029680865,0.005522998215301519,-0.0017579806434256722,-0.0224198144028656,-0.5770620788585359,0.6289964816972989,0.5204160610319708,0.19940104825282903,0.04482996943033811,0.6050754225647941,-0.6345655353162022,-0.5191428910600785
24,-0.17181100781930478,1.016256204767682,-0.336657642935311,0.6435964775373954,0.03690425378403414,0.4540928527384917,-0.5034497544299853,-0.41070731499565044,-0.7106668781525008,1.067271567221787,0.7426147575429246,0.5435645400161938,0.8037802032956956,0.8050746655737503,-0.01553021969504182,-0.012059200596375887,0.18703116500444922,0.02931730133338209,-1.0157588691397124,1.583039925009965,0.2523843536731441,0.25554813990817565,1.4240705458362577,1.4308281496395334,-0.3732231690993201,-0.39921754458069936,-1.5213678983327683,0.7265856056322098,-0.6196373013140929,-0.5320413646623388,0.509288227386397,0.5933627496781148,0.9491829885870522,0.023562242939382097,-0.45349429310585915,-0.7175322615761671,-1.0574059846479504,1.031349178110608,1.0382026697655622,-0.23771055387324158,-0.5039067438740367,1.256226605247756,-1.238193047060105,-1.1798205062796534
25,1.2065515397397686,-1.0540111628010387,-1.9996147696735873,-0.6454371478288032,-1.2006441382061108,-1.2371684160435048,0.08455948606951767,0.08405078026490392,0.17444792160843176,-0.9759741735192741,-1.202978230021266,-0.8461596446808786,-0.9663725276129992,-0.9669890291114621,-0.6109023868451733,-0.6136771656429466,-0.7324897201274269,-0.8589359474631804,-0.11742157102859445,0.3445783362663346,-0.7466614005852357,-0.7462487767661826,0.5959124848609468,0.5940801054666763,-0.1284834946508328,-0.743418435899835,-0.11626590733178582,0.027246451009235933,-0.8331678110923513,-0.8056033887096687,-0.09995431299854406,-0.055255528108309665,-0.9192651861847322,-0.9951976903698863,-0.9587973981981389,0.36770871516982173,0.7018002912633049,-0.7884910629548211,-0.8931354322724718,-1.070349042128121,-0.7612229049029355,-0.5946213537144394,0.7099173090048184,0.3990902760613964
26,-1.1869420293355168,-0.3875810211797787,1.416777858012717,0.19628439840296308,-0.8771559696310699,-0.7495530969413404,0.05622349782138456,0.11483529208273484,0.9488032465246535,-0.38835526962871975,0.5653649715188623,-0.11137387205071164,-0.08928943236146718,-0.09228567251143059,0.26097868780416644,0.2574041542357047,2.4105863439982738,0.37247721827972013,-0.14299124534230861,0.4253536132981173,0.23309384543194367,0.23751859785669294,0.08947669337101717,0.09441103303971367,3.0860731623385,-0.7198420194398281,-2.275575304548261,-1.6760383012393205,-0.7448152534254114,-0.710291805572615,-1.6808849624502344,-1.6562807798725159,-0.13979556010486824,0.6208158894740226,-0.7886773570014708,-0.36302249067899917,-0.0052769366797912175,-0.16265405331580304,-0.09596013196934283,-0.6505832317069143,-0.7835441115790777,0.3776925121001057,-0.2291722907799262,-0.5388803917603406
27,-0.8249015895744531,-1.629075665084408,0.8086125291761852,-0.25583101565731065,0.1390088172477781,-0.37765243434684287,1.7966274287469612,1.7122803579769081,0.49589779887225266,-1.8051885440694484,1.4100101305299941,-1.6526213841156705,-1.6067126354329129,-1.6080685442720122,-0.7404331521910089,-0.7476279586431158,1.045846931061844,-1.538590604755461,0.2443283180662943,1.0624192959420373,-1.4411448322318827,-1.4428612724984584,1.5582596535664526,1.5500546132606579,-0.5913835985310861,0.6687929815037041,-0.3067429182725639,-0.05938132849637992,0.8190357694610898,0.8255933097693317,0.0916137638022405,0.06822970217913647,-2.1447636681643076,-1.8111235866433708,0.8171542961685034,-0.6855507896253565,2.4743252749566373,-2.2929475009259876,-1.3406187419688125,0.6416011128302423,0.7675037827208049,-2.1340650872458746,2.108860112858425,1.9972787333746498
28,-0.8897341490313193,0.1682231423822627,0.2945603549035904,0.5995347674426301,-0.5213558645323026,-0.5021473229451766,-0.08404181609559848,-0.07319030995340953,0.07631913005101584,0.29931274635489663,-1.259053948457972,0.5828800919212982,0.08883374179453335,0.09245645737701724,0.1363186712790182,0.1410909157186364,-0.4260916066129026,-0.22214239930128563,0.4105408769893045,0.23118600824582564,-0.2973837021795303,-0.2928671813220892,0.13198017152543715,0.1350080428562885,-0.6917475761517458,-1.0400672711790981,0.3843482237023619,0.8194196719840602,-0.7492873931694966,-0.8376380102397886,0.8987711175985071,0.8720766129585462,0.40170796566429884,-0.2772012193196696,-0.9320374715337366,0.612121663166628,-0.6135796404723184,0.7465578217770253,0.06947811716407112,-1.2557043350164303,-0.4818843511042251,0.6433603363879971,-0.8402268495166616,-0.33898749745682805
29,0.3264490677199416,1.8754137444485843,-0.7819697013085264,1.2428309465030802,1.7486695885381522,1.9962022472950929,-0.2840935999079583,-0.21735184563381743,0.3833869610371686,1.766337223879349,-1.7767806045903156,1.5880165128514157,1.9664940709874186,1.9635239616515545,1.2291365884837855,1.2303698639551526,0.5707068025587204,2.041863010137884,0.13679536339807988,-0.36863163691366496,1.7046330708020545,1.7130402688878135,-0.9175789592765495,-0.9090608400459551,0.7546789220771648,0.971431759387966,-0.43335578713116896,-0.025348316905662763,0.9118063712932958,0.9744484923780866,0.021793067766100214,0.027247843759699023,1.731306980480951,2.0210195618490814,1.031293639518864,0.4237217193109432,-1.1086058452611514,0.9919924882442356,2.5484141410638186,1.25889726897032,0.8291639938545879,1.6277794646731036,-1.8008649580177403,-1.2759505719146147
30,-0.35743337215681076,0.15339360840272337,0.1893386821947275,0.38881735700356124,-1.5952116487397072,-1.1843603147079913,-0.5077643208723637,-0.41067990165882196,-0.2664192696005457,0.35269623200873906,1.2261707010184457,0.7837915150235907,0.22219452974236092,0.22355357667889963,0.39059807544532926,0.3930300409569838,-0.05561379027236771,-0.42809743549457563,-1.158931137309213,1.3322321917175337,-0.31644847587890845,-0.31340365088969646,1.2824028368098257,1.286045479085706,-0.5842954501853673,-1.611110970815766,-1.542276555238203,0.4333555025934211,-1.432910391214821,-1.4924053470650558,0.38685873155952955,0.4027780675890557,0.5295686836646009,-0.4551925567656086,-1.4836069026988998,1.3814214339106736,-0.8549143255330895,0.9062890202700666,-0.4269763536615474,-1.8172494962990398,-1.6970401458782869,0.5610175389043917,-0.2809507706611727,-0.8769617429901897
31,0.38890657173457766,-0.3792029824310248,2.856053473457778,0.09235606624948667,0.2868547706803749,0.17046051601649534,0.35321611881816156,0.35739933846980143,-0.0006799464528903935,-0.4253853153771753,1.1485795795357203,-0.281370435902488,-0.27244652180313883,-0.27437002946215405,-0.06773038010596649,-0.07021509150462195,-0.49635620521258234,0.2753722109061966,0.4492811679130656,0.2618420428922357,0.44506939709327825,0.44461360090630536,0.1952914725849528,0.1978071166208556,-0.6276909770694662,0.5334340175376374,0.2619707050396662,0.23496535203401125,0.41482295417429454,0.4274878560573274,0.19963202664138496,0.19349356233823214,-0.20297756655972166,0.6643409644475167,0.574978476860003,-0.6978466964549296,0.3708230704412191,-0.45205167619856146,-0.05983542600645205,0.5175665571442806,0.42976874409220905,-0.1379803372937899,0.09447899775109632,0.18302287579623397
32,-0.2920215575220866,1.1796504844092088,-0.532364103274705,-0.21116032669846674,0.8088226704699607,1.0035374657218692,-0.8463271179279402,-0.8494178396083549,-1.0958227393383706,1.172106430428803,0.08257299756144415,0.5347935600665275,1.2113185200155334,1.215307909097094,0.24342834733985375,0.24993754150088834,-0.8897552770787696,0.5558766294413472,-0.4288932325016582,0.6678263459866183,0.5493879676356549,0.5478933958531147,0.3333950476806206,0.33582047162536816,-0.2281361460907102,0.19826394616090298,0.15899209773949924,0.04982020428037955,0.4670758830082732,0.42679846018221806,0.23630744333726103,0.19685036187717975,1.162923368003229,0.724954618638236,0.38132418494253884,-0.6343804345040595,-0.9802079468198515,1.102420767219064,0.6625118273565151,0.556598662556816,0.035100542751058166,0.6537209361970768,-0.5996726325793994,-0.6714404486614121
33,-1.9016295812749293,-0.23178535648882959,-0.3852198112882976,-0.4773854599590783,-0.544437585554499,-0.46879542061025825,-0.3997563965235662,-0.3974515348434529,0.8778944252875774,-0.14825571671923793,-0.9574063005216581,-0.8569442098386709,-0.6097805472412094,-0.6095489730164774,-1.261093487599754,-1.2608319980852778,1.166563846364755,-0.5725661436715266,-0.6676449202904075,0.5813802751783597,-0.2809567807847518,-0.2923043488469725,0.8421456587216651,0.8331010900146789,0.5302138885553817,0.28644659745670137,-0.00652268062828858,0.8941168635137752,-0.2521772103049042,-0.1038362664178327,0.5229565777888412,0.6313812513615732,-0.3156232523558036,-0.8260133782704873,0.03620635378479368,1.202179820659085,-0.12587304050739606,0.16566252428927852,-0.35090773875265435,-0.006397394236787048,-0.4042458988802728,-0.18148758066515763,0.38979219130258547,-0.10098060235639364
34,1.094567568122686,-1.0344746483243177,2.0933765597722984,1.1363443948003138,-0.2733403852742571,-0.5756776330049469,1.7548551661455127,1.7614918886441366,-0.16308459021888944,-1.043020815767622,0.8981976802791769,0.17765227073399115,-0.8420520139054446,-0.8429968099716373,0.7124986122319743,0.7076201395635267,1.2792381024809414,-0.8065011816458549,-0.06182277003671109,1.1273365555456587,-0.7149323053030973,-0.7182827740483815,1.2415246052984301,1.2368797814103747,-0.20542931854533777,0.4082841777010693,0.7342431373079303,-0.5766322829227122,0.5621096826649383,0.5307334197429753,-0.43127876516788627,-0.4711813565754882,-1.0274184159532183,-0.7031148079003945,0.5001095864461249,-0.2901435000516973,1.0827929975404411,-1.0956468125609018,-0.8310985234986636,0.5812592311400858,-0.028857014182783528,-1.0765372940296374,1.3705666519597328,0.6127716868745431
35,1.4849596490510772,0.6748712517834141,0.5862834015810308,0.6008237749489433,-0.1555686917490524,0.21362574267275466,-0.3556810268864968,-0.2595246336708786,-0.37244568411046103,0.7142518311423594,0.07350772369865903,1.220798435942917,0.9883973026634493,0.9883635942556457,1.1730585607082202,1.1753659160720193,-1.2182377867703738,0.35136231230111936,-0.7267145714151115,1.0489002889163948,0.4315257601383742,0.4306414035611522,0.7604754504628684,0.7635492745699669,-0.3447157912975257,0.16953479585891346,-0.3146695926892588,0.05806601121997379,-0.17668021586939742,-0.07941661975937084,-0.14637076715141617,-0.08441539777255201,0.9085299221423327,0.6311143621067664,0.12017102574067935,-0.6700446214067817,-0.804783208249037,0.7943508023017789,0.69795074755794,-0.1128425847544193,-0.5800769465987199,0.9714791957478675,-0.857669449151332,-1.040911375080082
36,1.9606451038761121,1.3048609895808765,0.2568889956146862,0.33266469091484047,0.631330648587012,0.9681821295896005,-0.680081273356477,-0.6305100666049972,1.1544434429492758,1.2867243581190237,-0.308884894920496,0.8020624454193062,0.9884340321136003,0.9893697605777346,0.14842911038162573,0.15185058790249575,0.3666956940945768,0.7906466474123843,1.2032625729532307,-1.8432555358314364,0.8483876131494101,0.8327983284596434,-1.6998049782711535,-1.7062935565434485,0.10909426191408943,0.48960041697666334,0.6435436027660857,-2.02892302249547,0.3314196050745419,0.34475384978044016,-1.996919572965982,-2.017098360620496,1.1585689135991022,0.9116692936972016,0.4101374671870867,0.1407341493219518,-1.0424080099177204,1.0898884113380936,0.8386733613895054,0.538108430942103,-0.15096335636819994,0.8458459447401605,-0.7449824292883266,-0.9085792909079814
37,-0.44343928839067115,0.626624929297691,0.0020338737524827695,-0.042997478769136774,0.4158721944899295,0.46956301362563685,-0.5207717600379727,-0.5313502921601589,-0.6721964772798102,0.6665461909748831,-0.4098994570585025,0.5120038907887905,0.5860191773638193,0.5909923749277902,0.17198795342244316,0.17882457219055273,-2.1621321014954145,-0.23998641607281077,-1.0184974673579434,-0.7010558519413428,-0.17358169663478687,-0.1755027967567438,-0.5427707787359684,-0.5447317941889084,-3.218573998111358,-0.27029851283078754,2.725692428734602,0.08719590476491539,-0.1468072902875732,-0.1712859590387017,0.14169995434146923,0.1312650058111126,0.6315946257773238,-0.17054772067457336,-0.23683833507302518,-0.5570434205139173,-0.7359134924183751,0.9484343255571628,0.20546962248625397,-0.4287093836401778,0.05914040204632476,0.4458640148990538,-0.6322787061088218,-0.17060286903866545
38,0.4609799140889565,-0.26350298407429124,0.7999616923715869,0.5896518448067432,-0.7447170513118035,-0.6950859330276412,0.22294157355627076,0.2685005768592462,-0.3599717060572284,-0.1308379088104325,-1.1629447008117288,0.6459617966482853,-0.05298412167239848,-0.05212242104766314,0.6202742214912107,0.6213322392345595,0.6986626471247086,-0.6281745978405482,-0.4220185673454197,-0.14058384298282575,-0.3999751474578632,-0.40556757515012737,0.17540080387982282,0.1702737896872128,0.18059307275066117,-1.1026517348156297,-0.6487020736530299,0.3439496832505267,-0.8995085169864009,-0.992634748070455,0.36876789631284623,0.3415022377405674,0.0020197418887287462,-0.6677654153420289,-1.0003868657904977,2.6602078583801907,-0.2266386456456797,0.3033067994410304,-0.5820598883426438,-0.6651089462035537,-0.6352802170375914,-0.26683344215818233,0.41021575038959796,0.06114915537329749
39,0.03721202703042527,0.3742203309773421,0.12726880467132273,-0.0014277625575395434,0.4294230504980188,0.3391505979254318,-0.3186963124374522,-0.3538238856577654,-0.21714460911735792,0.4501061732629218,-1.3835901717753003,0.16992067061298088,0.3789417710125106,0.3781178283748728,-0.08395041442930143,-0.08330786948828933,-0.12091105802342793,0.11578010765803641,-1.3249337205224,0.2344973347160319,0.07196899076722467,0.07855757800427077,0.06550308262447621,0.07133801304968293,0.07849175758939297,-0.23124279457902572,1.5631104694152658,-0.37710532417882875,0.07286305439167948,-0.0010455965073714662,-0.19334413866589287,-0.2424158109043822,0.6790737072851109,0.08742071532903575,0.04974913689095786,-0.7227655933499362,-0.5113084776787087,0.6613218648352317,0.005511230947280735,-0.09030374774447258,0.49819534775330787,0.057527937787329356,-0.313936250472414,0.27701756882816764
